3 20 46 64 71
18 33 59 79 87
5 23 48 67 89

18 25 41 67 80
1 28 33 59 73
19 35 43 69 82

4 21 45 51 75
13 37 58 63 88
8 23 49 69 76

10 35 51 75 84
9 26 47 66 85
12 38 57 78 86

3 22 44 54 76
14 30 56 63 87
8 26 46 64 77

5 21 40 54 77
18 37 59 60 87
7 24 45 65 75

12 31 52 77 80
6 28 47 61 84
19 33 57 78 86

12 33 57 70 80
6 28 47 63 81
13 34 58 73 89

13 31 48 60 84
6 27 49 52 78
17 38 55 68 80

7 21 40 65 70
10 36 58 79 86
9 29 47 66 90

6 21 44 54 72
15 30 55 65 88
8 25 49 69 73

2 11 34 51 71
12 20 45 62 85
4 24 37 57 72

10 20 41 61 83
2 22 36 53 76
17 39 49 69 85

11 30 41 62 81
2 20 42 53 74
17 32 54 68 82

10 25 43 65 83
7 27 35 59 73
18 39 44 66 89

14 34 41 60 81
2 29 42 53 76
16 37 56 62 83

1 22 40 64 71
14 36 50 72 85
3 29 48 67 87

15 32 50 74 81
5 23 42 61 83
16 39 53 75 88

1 15 31 51 78
16 26 43 68 88
8 29 35 56 79

11 24 40 61 82
7 27 36 52 74
19 39 43 68 90

5 15 34 55 70
16 24 46 60 90
9 26 38 56 79

11 30 46 62 86
4 25 48 52 72
14 38 55 66 90

3 23 42 64 71
19 32 50 74 82
9 27 44 67 84

1 13 31 50 70
17 22 45 63 80
4 28 32 58 77